hex
20 20
C 0 1 5 4 3 
Z 0 3 2 1 
J 0 11 99 0 
J 0 12 99 0 
M 0 14 0 0 
B 0 17 10 0 
J 1 3 99 0 
Z 1 5 2 1 
J 1 10 99 0 
J 1 11 99 0 
M 1 12 0 0 
M 1 13 0 0 
T 1 15 0 0 
B 1 17 10 0 
Z 2 7 2 1 
M 2 10 0 0 
J 2 11 99 0 
M 2 12 0 0 
M 2 13 0 0 
T 2 15 0 0 
O 3 0 4 4 
M 3 3 0 0 
G 3 4 0 0 
Z 3 7 2 1 
M 3 9 0 0 
M 3 10 0 0 
W 3 14 9 5 
J 3 18 99 0 
J 3 19 99 0 
M 4 3 0 0 
M 4 4 0 0 
B 5 1 10 0 
M 5 3 0 0 
B 5 10 10 0 
J 5 17 99 0 
T 5 18 0 0 
B 6 5 10 0 
J 6 16 99 0 
M 7 0 0 0 
M 7 1 0 0 
J 7 3 99 0 
G 7 6 0 0 
T 7 9 0 0 
L 7 14 3 7 
T 7 15 0 0 
O 7 16 4 4 
J 8 2 99 0 
J 8 3 99 0 
W 8 7 9 5 
T 8 9 0 0 
G 8 10 0 0 
G 8 11 0 0 
G 9 10 0 0 
W 10 2 9 5 
L 11 4 3 7 
Z 11 6 2 1 
M 11 12 0 0 
G 11 15 0 0 
G 11 16 0 0 
A 12 1 4 4 
Z 12 4 2 1 
M 12 6 0 0 
B 12 7 10 0 
M 12 8 0 0 
J 12 9 99 0 
M 12 11 0 0 
G 12 19 0 0 
M 13 6 0 0 
M 13 7 0 0 
J 13 8 99 0 
L 13 11 3 7 
B 13 15 10 0 
B 13 16 10 0 
O 13 18 4 4 
M 14 5 0 0 
M 14 6 0 0 
J 14 7 99 0 
L 14 9 3 7 
M 15 6 0 0 
J 15 7 99 0 
G 15 8 0 0 
M 15 9 0 0 
B 15 19 10 0 
Z 16 4 2 1 
M 16 8 0 0 
B 16 9 10 0 
L 16 15 3 7 
B 17 5 10 0 
G 17 8 0 0 
L 17 10 3 7 
W 17 11 9 5 
O 17 18 4 4 
L 18 9 3 7 
A 19 2 4 4 
Z 19 4 2 1 
L 19 8 3 7 
L 19 11 3 7 
O 19 13 4 4 
W 19 18 9 5 
